odID	OrderID	ProductID	UnitPrice	Quantity	Discount
1	10248	11	0	12	0
2	10248	42	0	10	0
3	10248	72	0	5	0
4	10249	14	0	9	0
5	10249	51	0	40	0
6	10250	41	0	10	0
7	10250	51	0	35	0
8	10250	65	0	15	0
9	10251	22	0	6	0
10	10251	57	0	15	0
11	10251	65	0	20	0
12	10252	20	0	40	0
13	10252	33	0	25	0
14	10252	60	0	40	0
15	10253	31	0	20	0
16	10253	39	0	42	0
17	10253	49	0	40	0
18	10254	24	0	15	0
19	10254	55	0	21	0
20	10254	74	0	21	0
21	10255	2	0	20	0
22	10255	16	0	35	0
23	10255	36	0	25	0
24	10255	59	0	30	0
25	10256	53	0	15	0
26	10256	77	0	12	0
27	10257	27	0	25	0
28	10257	39	0	6	0
29	10257	77	0	15	0
30	10258	2	0	50	0
31	10258	5	0	65	0
32	10258	32	0	6	0
33	10259	21	0	10	0
34	10259	37	0	1	0
35	10260	41	0	16	0
36	10260	57	0	50	0
37	10260	62	0	15	0
38	10260	70	0	21	0
39	10261	21	0	20	0
40	10261	35	0	20	0
41	10262	5	0	12	0
42	10262	7	0	15	0
43	10262	56	0	2	0
44	10263	16	0	60	0
45	10263	24	0	28	0
46	10263	30	0	60	0
47	10263	74	0	36	0
48	10264	2	0	35	0
49	10264	41	0	25	0
50	10265	17	0	30	0
51	10265	70	0	20	0
52	10266	12	0	12	0
53	10267	40	0	50	0
54	10267	59	0	70	0
55	10267	76	0	15	0
56	10268	29	0	10	0
57	10268	72	0	4	0
58	10269	33	0	60	0
59	10269	72	0	20	0
60	10270	36	0	30	0
61	10270	43	0	25	0
62	10271	33	0	24	0
63	10272	20	0	6	0
64	10272	31	0	40	0
65	10272	72	0	24	0
66	10273	10	0	24	0
67	10273	31	0	15	0
68	10273	33	0	20	0
69	10273	40	0	60	0
70	10273	76	0	33	0
71	10274	71	0	20	0
72	10274	72	0	7	0
73	10275	24	0	12	0
74	10275	59	0	6	0
75	10276	10	0	15	0
76	10276	13	0	10	0
77	10277	28	0	20	0
78	10277	62	0	12	0
79	10278	44	0	16	0
80	10278	59	0	15	0
81	10278	63	0	8	0
82	10278	73	0	25	0
83	10279	17	0	15	0
84	10280	24	0	12	0
85	10280	55	0	20	0
86	10280	75	0	30	0
87	10281	19	0	1	0
88	10281	24	0	6	0
89	10281	35	0	4	0
90	10282	30	0	6	0
91	10282	57	0	2	0
92	10283	15	0	20	0
93	10283	19	0	18	0
94	10283	60	0	35	0
95	10283	72	0	3	0
96	10284	27	0	15	0
97	10284	44	0	21	0
98	10284	60	0	20	0
99	10284	67	0	5	0
100	10285	1	0	45	0
101	10285	40	0	40	0
102	10285	53	0	36	0
103	10286	35	0	100	0
104	10286	62	0	40	0
105	10287	16	0	40	0
106	10287	34	0	20	0
107	10287	46	0	15	0
108	10288	54	0	10	0
109	10288	68	0	3	0
110	10289	3	0	30	0
111	10289	64	0	9	0
112	10290	5	0	20	0
113	10290	29	0	15	0
114	10290	49	0	15	0
115	10290	77	0	10	0
116	10291	13	0	20	0
117	10291	44	0	24	0
118	10291	51	0	2	0
119	10292	20	0	20	0
120	10293	18	0	12	0
121	10293	24	0	10	0
122	10293	63	0	5	0
123	10293	75	0	6	0
124	10294	1	0	18	0
125	10294	17	0	15	0
126	10294	43	0	15	0
127	10294	60	0	21	0
128	10294	75	0	6	0
129	10295	56	0	4	0
130	10296	11	0	12	0
131	10296	16	0	30	0
132	10296	69	0	15	0
133	10297	39	0	60	0
134	10297	72	0	20	0
135	10298	2	0	40	0
136	10298	36	0	40	0
137	10298	59	0	30	0
138	10298	62	0	15	0
139	10299	19	0	15	0
140	10299	70	0	20	0
141	10300	66	0	30	0
142	10300	68	0	20	0
143	10301	40	0	10	0
144	10301	56	0	20	0
145	10302	17	0	40	0
146	10302	28	0	28	0
147	10302	43	0	12	0
148	10303	40	0	40	0
149	10303	65	0	30	0
150	10303	68	0	15	0
151	10304	49	0	30	0
152	10304	59	0	10	0
153	10304	71	0	2	0
154	10305	18	0	25	0
155	10305	29	0	25	0
156	10305	39	0	30	0
157	10306	30	0	10	0
158	10306	53	0	10	0
159	10306	54	0	5	0
160	10307	62	0	10	0
161	10307	68	0	3	0
162	10308	69	0	1	0
163	10308	70	0	5	0
164	10309	4	0	20	0
165	10309	6	0	30	0
166	10309	42	0	2	0
167	10309	43	0	20	0
168	10309	71	0	3	0
169	10310	16	0	10	0
170	10310	62	0	5	0
171	10311	42	0	6	0
172	10311	69	0	7	0
173	10312	28	0	4	0
174	10312	43	0	24	0
175	10312	53	0	20	0
176	10312	75	0	10	0
177	10313	36	0	12	0
178	10314	32	0	40	0
179	10314	58	0	30	0
180	10314	62	0	25	0
181	10315	34	0	14	0
182	10315	70	0	30	0
183	10316	41	0	10	0
184	10316	62	0	70	0
185	10317	1	0	20	0
186	10318	41	0	20	0
187	10318	76	0	6	0
188	10319	17	0	8	0
189	10319	28	0	14	0
190	10319	76	0	30	0
191	10320	71	0	30	0
192	10321	35	0	10	0
193	10322	52	0	20	0
194	10323	15	0	5	0
195	10323	25	0	4	0
196	10323	39	0	4	0
197	10324	16	0	21	0
198	10324	35	0	70	0
199	10324	46	0	30	0
200	10324	59	0	40	0
201	10324	63	0	80	0
202	10325	6	0	6	0
203	10325	13	0	12	0
204	10325	14	0	9	0
205	10325	31	0	4	0
206	10325	72	0	40	0
207	10326	4	0	24	0
208	10326	57	0	16	0
209	10326	75	0	50	0
210	10327	2	0	25	0
211	10327	11	0	50	0
212	10327	30	0	35	0
213	10327	58	0	30	0
214	10328	59	0	9	0
215	10328	65	0	40	0
216	10328	68	0	10	0
217	10329	19	0	10	0
218	10329	30	0	8	0
219	10329	38	0	20	0
220	10329	56	0	12	0
221	10330	26	0	50	0
222	10330	72	0	25	0
223	10331	54	0	15	0
224	10332	18	0	40	0
225	10332	42	0	10	0
226	10332	47	0	16	0
227	10333	14	0	10	0
228	10333	21	0	10	0
229	10333	71	0	40	0
230	10334	52	0	8	0
231	10334	68	0	10	0
232	10335	2	0	7	0
233	10335	31	0	25	0
234	10335	32	0	6	0
235	10335	51	0	48	0
236	10336	4	0	18	0
237	10337	23	0	40	0
238	10337	26	0	24	0
239	10337	36	0	20	0
240	10337	37	0	28	0
241	10337	72	0	25	0
242	10338	17	0	20	0
243	10338	30	0	15	0
244	10339	4	0	10	0
245	10339	17	0	70	0
246	10339	62	0	28	0
247	10340	18	0	20	0
248	10340	41	0	12	0
249	10340	43	0	40	0
250	10341	33	0	8	0
251	10341	59	0	9	0
252	10342	2	0	24	0
253	10342	31	0	56	0
254	10342	36	0	40	0
255	10342	55	0	40	0
256	10343	64	0	50	0
257	10343	68	0	4	0
258	10343	76	0	15	0
259	10344	4	0	35	0
260	10344	8	0	70	0
261	10345	8	0	70	0
262	10345	19	0	80	0
263	10345	42	0	9	0
264	10346	17	0	36	0
265	10346	56	0	20	0
266	10347	25	0	10	0
267	10347	39	0	50	0
268	10347	40	0	4	0
269	10347	75	0	6	0
270	10348	1	0	15	0
271	10348	23	0	25	0
272	10349	54	0	24	0
273	10350	50	0	15	0
274	10350	69	0	18	0
275	10351	38	0	20	0
276	10351	41	0	13	0
277	10351	44	0	77	0
278	10351	65	0	10	0
279	10352	24	0	10	0
280	10352	54	0	20	0
281	10353	11	0	12	0
282	10353	38	0	50	0
283	10354	1	0	12	0
284	10354	29	0	4	0
285	10355	24	0	25	0
286	10355	57	0	25	0
287	10356	31	0	30	0
288	10356	55	0	12	0
289	10356	69	0	20	0
290	10357	10	0	30	0
291	10357	26	0	16	0
292	10357	60	0	8	0
293	10358	24	0	10	0
294	10358	34	0	10	0
295	10358	36	0	20	0
296	10359	16	0	56	0
297	10359	31	0	70	0
298	10359	60	0	80	0
299	10360	28	0	30	0
300	10360	29	0	35	0
301	10360	38	0	10	0
302	10360	49	0	35	0
303	10360	54	0	28	0
304	10361	39	0	54	0
305	10361	60	0	55	0
306	10362	25	0	50	0
307	10362	51	0	20	0
308	10362	54	0	24	0
309	10363	31	0	20	0
310	10363	75	0	12	0
311	10363	76	0	12	0
312	10364	69	0	30	0
313	10364	71	0	5	0
314	10365	11	0	24	0
315	10366	65	0	5	0
316	10366	77	0	5	0
317	10367	34	0	36	0
318	10367	54	0	18	0
319	10367	65	0	15	0
320	10367	77	0	7	0
321	10368	21	0	5	0
322	10368	28	0	13	0
323	10368	57	0	25	0
324	10368	64	0	35	0
325	10369	29	0	20	0
326	10369	56	0	18	0
327	10370	1	0	15	0
328	10370	64	0	30	0
329	10370	74	0	20	0
330	10371	36	0	6	0
331	10372	20	0	12	0
332	10372	38	0	40	0
333	10372	60	0	70	0
334	10372	72	0	42	0
335	10373	58	0	80	0
336	10373	71	0	50	0
337	10374	31	0	30	0
338	10374	58	0	15	0
339	10375	14	0	15	0
340	10375	54	0	10	0
341	10376	31	0	42	0
342	10377	28	0	20	0
343	10377	39	0	20	0
344	10378	71	0	6	0
345	10379	41	0	8	0
346	10379	63	0	16	0
347	10379	65	0	20	0
348	10380	30	0	18	0
349	10380	53	0	20	0
350	10380	60	0	6	0
351	10380	70	0	30	0
352	10381	74	0	14	0
353	10382	5	0	32	0
354	10382	18	0	9	0
355	10382	29	0	14	0
356	10382	33	0	60	0
357	10382	74	0	50	0
358	10383	13	0	20	0
359	10383	50	0	15	0
360	10383	56	0	20	0
361	10384	20	0	28	0
362	10384	60	0	15	0
363	10385	7	0	10	0
364	10385	60	0	20	0
365	10385	68	0	8	0
366	10386	24	0	15	0
367	10386	34	0	10	0
368	10387	24	0	15	0
369	10387	28	0	6	0
370	10387	59	0	12	0
371	10387	71	0	15	0
372	10388	45	0	15	0
373	10388	52	0	20	0
374	10388	53	0	40	0
375	10389	10	0	16	0
376	10389	55	0	15	0
377	10389	62	0	20	0
378	10389	70	0	30	0
379	10390	31	0	60	0
380	10390	35	0	40	0
381	10390	46	0	45	0
382	10390	72	0	24	0
383	10391	13	0	18	0
384	10392	69	0	50	0
385	10393	2	0	25	0
386	10393	14	0	42	0
387	10393	25	0	7	0
388	10393	26	0	70	0
389	10393	31	0	32	0
390	10394	13	0	10	0
391	10394	62	0	10	0
392	10395	46	0	28	0
393	10395	53	0	70	0
394	10395	69	0	8	0
395	10396	23	0	40	0
396	10396	71	0	60	0
397	10396	72	0	21	0
398	10397	21	0	10	0
399	10397	51	0	18	0
400	10398	35	0	30	0
401	10398	55	0	120	0
402	10399	68	0	60	0
403	10399	71	0	30	0
404	10399	76	0	35	0
405	10399	77	0	14	0
406	10400	29	0	21	0
407	10400	35	0	35	0
408	10400	49	0	30	0
409	10401	30	0	18	0
410	10401	56	0	70	0
411	10401	65	0	20	0
412	10401	71	0	60	0
413	10402	23	0	60	0
414	10402	63	0	65	0
415	10403	16	0	21	0
416	10403	48	0	70	0
417	10404	26	0	30	0
418	10404	42	0	40	0
419	10404	49	0	30	0
420	10405	3	0	50	0
421	10406	1	0	10	0
422	10406	21	0	30	0
423	10406	28	0	42	0
424	10406	36	0	5	0
425	10406	40	0	2	0
426	10407	11	0	30	0
427	10407	69	0	15	0
428	10407	71	0	15	0
429	10408	37	0	10	0
430	10408	54	0	6	0
431	10408	62	0	35	0
432	10409	14	0	12	0
433	10409	21	0	12	0
434	10410	33	0	49	0
435	10410	59	0	16	0
436	10411	41	0	25	0
437	10411	44	0	40	0
438	10411	59	0	9	0
439	10412	14	0	20	0
440	10413	1	0	24	0
441	10413	62	0	40	0
442	10413	76	0	14	0
443	10414	19	0	18	0
444	10414	33	0	50	0
445	10415	17	0	2	0
446	10415	33	0	20	0
447	10416	19	0	20	0
448	10416	53	0	10	0
449	10416	57	0	20	0
450	10417	38	0	50	0
451	10417	46	0	2	0
452	10417	68	0	36	0
453	10417	77	0	35	0
454	10418	2	0	60	0
455	10418	47	0	55	0
456	10418	61	0	16	0
457	10418	74	0	15	0
458	10419	60	0	60	0
459	10419	69	0	20	0
460	10420	9	0	20	0
461	10420	13	0	2	0
462	10420	70	0	8	0
463	10420	73	0	20	0
464	10421	19	0	4	0
465	10421	26	0	30	0
466	10421	53	0	15	0
467	10421	77	0	10	0
468	10422	26	0	2	0
469	10423	31	0	14	0
470	10423	59	0	20	0
471	10424	35	0	60	0
472	10424	38	0	49	0
473	10424	68	0	30	0
474	10425	55	0	10	0
475	10425	76	0	20	0
476	10426	56	0	5	0
477	10426	64	0	7	0
478	10427	14	0	35	0
479	10428	46	0	20	0
480	10429	50	0	40	0
481	10429	63	0	35	0
482	10430	17	0	45	0
483	10430	21	0	50	0
484	10430	56	0	30	0
485	10430	59	0	70	0
486	10431	17	0	50	0
487	10431	40	0	50	0
488	10431	47	0	30	0
489	10432	26	0	10	0
490	10432	54	0	40	0
491	10433	56	0	28	0
492	10434	11	0	6	0
493	10434	76	0	18	0
494	10435	2	0	10	0
495	10435	22	0	12	0
496	10435	72	0	10	0
497	10436	46	0	5	0
498	10436	56	0	40	0
499	10436	64	0	30	0
500	10436	75	0	24	0
501	10437	53	0	15	0
502	10438	19	0	15	0
503	10438	34	0	20	0
504	10438	57	0	15	0
505	10439	12	0	15	0
506	10439	16	0	16	0
507	10439	64	0	6	0
508	10439	74	0	30	0
509	10440	2	0	45	0
510	10440	16	0	49	0
511	10440	29	0	24	0
512	10440	61	0	90	0
513	10441	27	0	50	0
514	10442	11	0	30	0
515	10442	54	0	80	0
516	10442	66	0	60	0
517	10443	11	0	6	0
518	10443	28	0	12	0
519	10444	17	0	10	0
520	10444	26	0	15	0
521	10444	35	0	8	0
522	10444	41	0	30	0
523	10445	39	0	6	0
524	10445	54	0	15	0
525	10446	19	0	12	0
526	10446	24	0	20	0
527	10446	31	0	3	0
528	10446	52	0	15	0
529	10447	19	0	40	0
530	10447	65	0	35	0
531	10447	71	0	2	0
532	10448	26	0	6	0
533	10448	40	0	20	0
534	10449	10	0	14	0
535	10449	52	0	20	0
536	10449	62	0	35	0
537	10450	10	0	20	0
538	10450	54	0	6	0
539	10451	55	0	120	0
540	10451	64	0	35	0
541	10451	65	0	28	0
542	10451	77	0	55	0
543	10452	28	0	15	0
544	10452	44	0	100	0
545	10453	48	0	15	0
546	10453	70	0	25	0
547	10454	16	0	20	0
548	10454	33	0	20	0
549	10454	46	0	10	0
550	10455	39	0	20	0
551	10455	53	0	50	0
552	10455	61	0	25	0
553	10455	71	0	30	0
554	10456	21	0	40	0
555	10456	49	0	21	0
556	10457	59	0	36	0
557	10458	26	0	30	0
558	10458	28	0	30	0
559	10458	43	0	20	0
560	10458	56	0	15	0
561	10458	71	0	50	0
562	10459	7	0	16	0
563	10459	46	0	20	0
564	10459	72	0	40	0
565	10460	68	0	21	0
566	10460	75	0	4	0
567	10461	21	0	40	0
568	10461	30	0	28	0
569	10461	55	0	60	0
570	10462	13	0	1	0
571	10462	23	0	21	0
572	10463	19	0	21	0
573	10463	42	0	50	0
574	10464	4	0	16	0
575	10464	43	0	3	0
576	10464	56	0	30	0
577	10464	60	0	20	0
578	10465	24	0	25	0
579	10465	29	0	18	0
580	10465	40	0	20	0
581	10465	45	0	30	0
582	10465	50	0	25	0
583	10466	11	0	10	0
584	10466	46	0	5	0
585	10467	24	0	28	0
586	10467	25	0	12	0
587	10468	30	0	8	0
588	10468	43	0	15	0
589	10469	2	0	40	0
590	10469	16	0	35	0
591	10469	44	0	2	0
592	10470	18	0	30	0
593	10470	23	0	15	0
594	10470	64	0	8	0
595	10471	7	0	30	0
596	10471	56	0	20	0
597	10472	24	0	80	0
598	10472	51	0	18	0
599	10473	33	0	12	0
600	10473	71	0	12	0
601	10474	14	0	12	0
602	10474	28	0	18	0
603	10474	40	0	21	0
604	10474	75	0	10	0
605	10475	31	0	35	0
606	10475	66	0	60	0
607	10475	76	0	42	0
608	10476	55	0	2	0
609	10476	70	0	12	0
610	10477	1	0	15	0
611	10477	21	0	21	0
612	10477	39	0	20	0
613	10478	10	0	20	0
614	10479	38	0	30	0
615	10479	53	0	28	0
616	10479	59	0	60	0
617	10479	64	0	30	0
618	10480	47	0	30	0
619	10480	59	0	12	0
620	10481	49	0	24	0
621	10481	60	0	40	0
622	10482	40	0	10	0
623	10483	34	0	35	0
624	10483	77	0	30	0
625	10484	21	0	14	0
626	10484	40	0	10	0
627	10484	51	0	3	0
628	10485	2	0	20	0
629	10485	3	0	20	0
630	10485	55	0	30	0
631	10485	70	0	60	0
632	10486	11	0	5	0
633	10486	51	0	25	0
634	10486	74	0	16	0
635	10487	19	0	5	0
636	10487	26	0	30	0
637	10487	54	0	24	0
638	10488	59	0	30	0
639	10488	73	0	20	0
640	10489	11	0	15	0
641	10489	16	0	18	0
642	10490	59	0	60	0
643	10490	68	0	30	0
644	10490	75	0	36	0
645	10491	44	0	15	0
646	10491	77	0	7	0
647	10492	25	0	60	0
648	10492	42	0	20	0
649	10493	65	0	15	0
650	10493	66	0	10	0
651	10493	69	0	10	0
652	10494	56	0	30	0
653	10495	23	0	10	0
654	10495	41	0	20	0
655	10495	77	0	5	0
656	10496	31	0	20	0
657	10497	56	0	14	0
658	10497	72	0	25	0
659	10497	77	0	25	0
660	10498	24	0	14	0
661	10498	40	0	5	0
662	10498	42	0	30	0
663	10499	28	0	20	0
664	10499	49	0	25	0
665	10500	15	0	12	0
666	10500	28	0	8	0
667	10501	54	0	20	0
668	10502	45	0	21	0
669	10502	53	0	6	0
670	10502	67	0	30	0
671	10503	14	0	70	0
672	10503	65	0	20	0
673	10504	2	0	12	0
674	10504	21	0	12	0
675	10504	53	0	10	0
676	10504	61	0	25	0
677	10505	62	0	3	0
678	10506	25	0	18	0
679	10506	70	0	14	0
680	10507	43	0	15	0
681	10507	48	0	15	0
682	10508	13	0	10	0
683	10508	39	0	10	0
684	10509	28	0	3	0
685	10510	29	0	36	0
686	10510	75	0	36	0
687	10511	4	0	50	0
688	10511	7	0	50	0
689	10511	8	0	10	0
690	10512	24	0	10	0
691	10512	46	0	9	0
692	10512	47	0	6	0
693	10512	60	0	12	0
694	10513	21	0	40	0
695	10513	32	0	50	0
696	10513	61	0	15	0
697	10514	20	0	39	0
698	10514	28	0	35	0
699	10514	56	0	70	0
700	10514	65	0	39	0
701	10514	75	0	50	0
702	10515	9	0	16	0
703	10515	16	0	50	0
704	10515	27	0	120	0
705	10515	33	0	16	0
706	10515	60	0	84	0
707	10516	18	0	25	0
708	10516	41	0	80	0
709	10516	42	0	20	0
710	10517	52	0	6	0
711	10517	59	0	4	0
712	10517	70	0	6	0
713	10518	24	0	5	0
714	10518	38	0	15	0
715	10518	44	0	9	0
716	10519	10	0	16	0
717	10519	56	0	40	0
718	10519	60	0	10	0
719	10520	24	0	8	0
720	10520	53	0	5	0
721	10521	35	0	3	0
722	10521	41	0	10	0
723	10521	68	0	6	0
724	10522	1	0	40	0
725	10522	8	0	24	0
726	10522	30	0	20	0
727	10522	40	0	25	0
728	10523	17	0	25	0
729	10523	20	0	15	0
730	10523	37	0	18	0
731	10523	41	0	6	0
732	10524	10	0	2	0
733	10524	30	0	10	0
734	10524	43	0	60	0
735	10524	54	0	15	0
736	10525	36	0	30	0
737	10525	40	0	15	0
738	10526	1	0	8	0
739	10526	13	0	10	0
740	10526	56	0	30	0
741	10527	4	0	50	0
742	10527	36	0	30	0
743	10528	11	0	3	0
744	10528	33	0	8	0
745	10528	72	0	9	0
746	10529	55	0	14	0
747	10529	68	0	20	0
748	10529	69	0	10	0
749	10530	17	0	40	0
750	10530	43	0	25	0
751	10530	61	0	20	0
752	10530	76	0	50	0
753	10531	59	0	2	0
754	10532	30	0	15	0
755	10532	66	0	24	0
756	10533	4	0	50	0
757	10533	72	0	24	0
758	10533	73	0	24	0
759	10534	30	0	10	0
760	10534	40	0	10	0
761	10534	54	0	10	0
762	10535	11	0	50	0
763	10535	40	0	10	0
764	10535	57	0	5	0
765	10535	59	0	15	0
766	10536	12	0	15	0
767	10536	31	0	20	0
768	10536	33	0	30	0
769	10536	60	0	35	0
770	10537	31	0	30	0
771	10537	51	0	6	0
772	10537	58	0	20	0
773	10537	72	0	21	0
774	10537	73	0	9	0
775	10538	70	0	7	0
776	10538	72	0	1	0
777	10539	13	0	8	0
778	10539	21	0	15	0
779	10539	33	0	15	0
780	10539	49	0	6	0
781	10540	3	0	60	0
782	10540	26	0	40	0
783	10540	38	0	30	0
784	10540	68	0	35	0
785	10541	24	0	35	0
786	10541	38	0	4	0
787	10541	65	0	36	0
788	10541	71	0	9	0
789	10542	11	0	15	0
790	10542	54	0	24	0
791	10543	12	0	30	0
792	10543	23	0	70	0
793	10544	28	0	7	0
794	10544	67	0	7	0
795	10545	11	0	10	0
796	10546	7	0	10	0
797	10546	35	0	30	0
798	10546	62	0	40	0
799	10547	32	0	24	0
800	10547	36	0	60	0
801	10548	34	0	10	0
802	10548	41	0	14	0
803	10549	31	0	55	0
804	10549	45	0	100	0
805	10549	51	0	48	0
806	10550	17	0	8	0
807	10550	19	0	10	0
808	10550	21	0	6	0
809	10550	61	0	10	0
810	10551	16	0	40	0
811	10551	35	0	20	0
812	10551	44	0	40	0
813	10552	69	0	18	0
814	10552	75	0	30	0
815	10553	11	0	15	0
816	10553	16	0	14	0
817	10553	22	0	24	0
818	10553	31	0	30	0
819	10553	35	0	6	0
820	10554	16	0	30	0
821	10554	23	0	20	0
822	10554	62	0	20	0
823	10554	77	0	10	0
824	10555	14	0	30	0
825	10555	19	0	35	0
826	10555	24	0	18	0
827	10555	51	0	20	0
828	10555	56	0	40	0
829	10556	72	0	24	0
830	10557	64	0	30	0
831	10557	75	0	20	0
832	10558	47	0	25	0
833	10558	51	0	20	0
834	10558	52	0	30	0
835	10558	53	0	18	0
836	10558	73	0	3	0
837	10559	41	0	12	0
838	10559	55	0	18	0
839	10560	30	0	20	0
840	10560	62	0	15	0
841	10561	44	0	10	0
842	10561	51	0	50	0
843	10562	33	0	20	0
844	10562	62	0	10	0
845	10563	36	0	25	0
846	10563	52	0	70	0
847	10564	17	0	16	0
848	10564	31	0	6	0
849	10564	55	0	25	0
850	10565	24	0	25	0
851	10565	64	0	18	0
852	10566	11	0	35	0
853	10566	18	0	18	0
854	10566	76	0	10	0
855	10567	31	0	60	0
856	10567	51	0	3	0
857	10567	59	0	40	0
858	10568	10	0	5	0
859	10569	31	0	35	0
860	10569	76	0	30	0
861	10570	11	0	15	0
862	10570	56	0	60	0
863	10571	14	0	11	0
864	10571	42	0	28	0
865	10572	16	0	12	0
866	10572	32	0	10	0
867	10572	40	0	50	0
868	10572	75	0	15	0
869	10573	17	0	18	0
870	10573	34	0	40	0
871	10573	53	0	25	0
872	10574	33	0	14	0
873	10574	40	0	2	0
874	10574	62	0	10	0
875	10574	64	0	6	0
876	10575	59	0	12	0
877	10575	63	0	6	0
878	10575	72	0	30	0
879	10575	76	0	10	0
880	10576	1	0	10	0
881	10576	31	0	20	0
882	10576	44	0	21	0
883	10577	39	0	10	0
884	10577	75	0	20	0
885	10577	77	0	18	0
886	10578	35	0	20	0
887	10578	57	0	6	0
888	10579	15	0	10	0
889	10579	75	0	21	0
890	10580	14	0	15	0
891	10580	41	0	9	0
892	10580	65	0	30	0
893	10581	75	0	50	0
894	10582	57	0	4	0
895	10582	76	0	14	0
896	10583	29	0	10	0
897	10583	60	0	24	0
898	10583	69	0	10	0
899	10584	31	0	50	0
900	10585	47	0	15	0
901	10586	52	0	4	0
902	10587	26	0	6	0
903	10587	35	0	20	0
904	10587	77	0	20	0
905	10588	18	0	40	0
906	10588	42	0	100	0
907	10589	35	0	4	0
908	10590	1	0	20	0
909	10590	77	0	60	0
910	10591	3	0	14	0
911	10591	7	0	10	0
912	10591	54	0	50	0
913	10592	15	0	25	0
914	10592	26	0	5	0
915	10593	20	0	21	0
916	10593	69	0	20	0
917	10593	76	0	4	0
918	10594	52	0	24	0
919	10594	58	0	30	0
920	10595	35	0	30	0
921	10595	61	0	120	0
922	10595	69	0	65	0
923	10596	56	0	5	0
924	10596	63	0	24	0
925	10596	75	0	30	0
926	10597	24	0	35	0
927	10597	57	0	20	0
928	10597	65	0	12	0
929	10598	27	0	50	0
930	10598	71	0	9	0
931	10599	62	0	10	0
932	10600	54	0	4	0
933	10600	73	0	30	0
934	10601	13	0	60	0
935	10601	59	0	35	0
936	10602	77	0	5	0
937	10603	22	0	48	0
938	10603	49	0	25	0
939	10604	48	0	6	0
940	10604	76	0	10	0
941	10605	16	0	30	0
942	10605	59	0	20	0
943	10605	60	0	70	0
944	10605	71	0	15	0
945	10606	4	0	20	0
946	10606	55	0	20	0
947	10606	62	0	10	0
948	10607	7	0	45	0
949	10607	17	0	100	0
950	10607	33	0	14	0
951	10607	40	0	42	0
952	10607	72	0	12	0
953	10608	56	0	28	0
954	10609	1	0	3	0
955	10609	10	0	10	0
956	10609	21	0	6	0
957	10610	36	0	21	0
958	10611	1	0	6	0
959	10611	2	0	10	0
960	10611	60	0	15	0
961	10612	10	0	70	0
962	10612	36	0	55	0
963	10612	49	0	18	0
964	10612	60	0	40	0
965	10612	76	0	80	0
966	10613	13	0	8	0
967	10613	75	0	40	0
968	10614	11	0	14	0
969	10614	21	0	8	0
970	10614	39	0	5	0
971	10615	55	0	5	0
972	10616	38	0	15	0
973	10616	56	0	14	0
974	10616	70	0	15	0
975	10616	71	0	15	0
976	10617	59	0	30	0
977	10618	6	0	70	0
978	10618	56	0	20	0
979	10618	68	0	15	0
980	10619	21	0	42	0
981	10619	22	0	40	0
982	10620	24	0	5	0
983	10620	52	0	5	0
984	10621	19	0	5	0
985	10621	23	0	10	0
986	10621	70	0	20	0
987	10621	71	0	15	0
988	10622	2	0	20	0
989	10622	68	0	18	0
990	10623	14	0	21	0
991	10623	19	0	15	0
992	10623	21	0	25	0
993	10623	24	0	3	0
994	10623	35	0	30	0
995	10624	28	0	10	0
996	10624	29	0	6	0
997	10624	44	0	10	0
998	10625	14	0	3	0
999	10625	42	0	5	0
1000	10625	60	0	10	0
1001	10626	53	0	12	0
1002	10626	60	0	20	0
1003	10626	71	0	20	0
1004	10627	62	0	15	0
1005	10627	73	0	35	0
1006	10628	1	0	25	0
1007	10629	29	0	20	0
1008	10629	64	0	9	0
1009	10630	55	0	12	0
1010	10630	76	0	35	0
1011	10631	75	0	8	0
1012	10632	2	0	30	0
1013	10632	33	0	20	0
1014	10633	12	0	36	0
1015	10633	13	0	13	0
1016	10633	26	0	35	0
1017	10633	62	0	80	0
1018	10634	7	0	35	0
1019	10634	18	0	50	0
1020	10634	51	0	15	0
1021	10634	75	0	2	0
1022	10635	4	0	10	0
1023	10635	5	0	15	0
1024	10635	22	0	40	0
1025	10636	4	0	25	0
1026	10636	58	0	6	0
1027	10637	11	0	10	0
1028	10637	50	0	25	0
1029	10637	56	0	60	0
1030	10638	45	0	20	0
1031	10638	65	0	21	0
1032	10638	72	0	60	0
1033	10639	18	0	8	0
1034	10640	69	0	20	0
1035	10640	70	0	15	0
1036	10641	2	0	50	0
1037	10641	40	0	60	0
1038	10642	21	0	30	0
1039	10642	61	0	20	0
1040	10643	28	0	15	0
1041	10643	39	0	21	0
1042	10643	46	0	2	0
1043	10644	18	0	4	0
1044	10644	43	0	20	0
1045	10644	46	0	21	0
1046	10645	18	0	20	0
1047	10645	36	0	15	0
1048	10646	1	0	15	0
1049	10646	10	0	18	0
1050	10646	71	0	30	0
1051	10646	77	0	35	0
1052	10647	19	0	30	0
1053	10647	39	0	20	0
1054	10648	22	0	15	0
1055	10648	24	0	15	0
1056	10649	28	0	20	0
1057	10649	72	0	15	0
1058	10650	30	0	30	0
1059	10650	53	0	25	0
1060	10650	54	0	30	0
1061	10651	19	0	12	0
1062	10651	22	0	20	0
1063	10652	30	0	2	0
1064	10652	42	0	20	0
1065	10653	16	0	30	0
1066	10653	60	0	20	0
1067	10654	4	0	12	0
1068	10654	39	0	20	0
1069	10654	54	0	6	0
1070	10655	41	0	20	0
1071	10656	14	0	3	0
1072	10656	44	0	28	0
1073	10656	47	0	6	0
1074	10657	15	0	50	0
1075	10657	41	0	24	0
1076	10657	46	0	45	0
1077	10657	47	0	10	0
1078	10657	56	0	45	0
1079	10657	60	0	30	0
1080	10658	21	0	60	0
1081	10658	40	0	70	0
1082	10658	60	0	55	0
1083	10658	77	0	70	0
1084	10659	31	0	20	0
1085	10659	40	0	24	0
1086	10659	70	0	40	0
1087	10660	20	0	21	0
1088	10661	39	0	3	0
1089	10661	58	0	49	0
1090	10662	68	0	10	0
1091	10663	40	0	30	0
1092	10663	42	0	30	0
1093	10663	51	0	20	0
1094	10664	10	0	24	0
1095	10664	56	0	12	0
1096	10664	65	0	15	0
1097	10665	51	0	20	0
1098	10665	59	0	1	0
1099	10665	76	0	10	0
1100	10666	29	0	36	0
1101	10666	65	0	10	0
1102	10667	69	0	45	0
1103	10667	71	0	14	0
1104	10668	31	0	8	0
1105	10668	55	0	4	0
1106	10668	64	0	15	0
1107	10669	36	0	30	0
1108	10670	23	0	32	0
1109	10670	46	0	60	0
1110	10670	67	0	25	0
1111	10670	73	0	50	0
1112	10670	75	0	25	0
1113	10671	16	0	10	0
1114	10671	62	0	10	0
1115	10671	65	0	12	0
1116	10672	38	0	15	0
1117	10672	71	0	12	0
1118	10673	16	0	3	0
1119	10673	42	0	6	0
1120	10673	43	0	6	0
1121	10674	23	0	5	0
1122	10675	14	0	30	0
1123	10675	53	0	10	0
1124	10675	58	0	30	0
1125	10676	10	0	2	0
1126	10676	19	0	7	0
1127	10676	44	0	21	0
1128	10677	26	0	30	0
1129	10677	33	0	8	0
1130	10678	12	0	100	0
1131	10678	33	0	30	0
1132	10678	41	0	120	0
1133	10678	54	0	30	0
1134	10679	59	0	12	0
1135	10680	16	0	50	0
1136	10680	31	0	20	0
1137	10680	42	0	40	0
1138	10681	19	0	30	0
1139	10681	21	0	12	0
1140	10681	64	0	28	0
1141	10682	33	0	30	0
1142	10682	66	0	4	0
1143	10682	75	0	30	0
1144	10683	52	0	9	0
1145	10684	40	0	20	0
1146	10684	47	0	40	0
1147	10684	60	0	30	0
1148	10685	10	0	20	0
1149	10685	41	0	4	0
1150	10685	47	0	15	0
1151	10686	17	0	30	0
1152	10686	26	0	15	0
1153	10687	9	0	50	0
1154	10687	29	0	10	0
1155	10687	36	0	6	0
1156	10688	10	0	18	0
1157	10688	28	0	60	0
1158	10688	34	0	14	0
1159	10689	1	0	35	0
1160	10690	56	0	20	0
1161	10690	77	0	30	0
1162	10691	1	0	30	0
1163	10691	29	0	40	0
1164	10691	43	0	40	0
1165	10691	44	0	24	0
1166	10691	62	0	48	0
1167	10692	63	0	20	0
1168	10693	9	0	6	0
1169	10693	54	0	60	0
1170	10693	69	0	30	0
1171	10693	73	0	15	0
1172	10694	7	0	90	0
1173	10694	59	0	25	0
1174	10694	70	0	50	0
1175	10695	8	0	10	0
1176	10695	12	0	4	0
1177	10695	24	0	20	0
1178	10696	17	0	20	0
1179	10696	46	0	18	0
1180	10697	19	0	7	0
1181	10697	35	0	9	0
1182	10697	58	0	30	0
1183	10697	70	0	30	0
1184	10698	11	0	15	0
1185	10698	17	0	8	0
1186	10698	29	0	12	0
1187	10698	65	0	65	0
1188	10698	70	0	8	0
1189	10699	47	0	12	0
1190	10700	1	0	5	0
1191	10700	34	0	12	0
1192	10700	68	0	40	0
1193	10700	71	0	60	0
1194	10701	59	0	42	0
1195	10701	71	0	20	0
1196	10701	76	0	35	0
1197	10702	3	0	6	0
1198	10702	76	0	15	0
1199	10703	2	0	5	0
1200	10703	59	0	35	0
1201	10703	73	0	35	0
1202	10704	4	0	6	0
1203	10704	24	0	35	0
1204	10704	48	0	24	0
1205	10705	31	0	20	0
1206	10705	32	0	4	0
1207	10706	16	0	20	0
1208	10706	43	0	24	0
1209	10706	59	0	8	0
1210	10707	55	0	21	0
1211	10707	57	0	40	0
1212	10707	70	0	28	0
1213	10708	5	0	4	0
1214	10708	36	0	5	0
1215	10709	8	0	40	0
1216	10709	51	0	28	0
1217	10709	60	0	10	0
1218	10710	19	0	5	0
1219	10710	47	0	5	0
1220	10711	19	0	12	0
1221	10711	41	0	42	0
1222	10711	53	0	120	0
1223	10712	53	0	3	0
1224	10712	56	0	30	0
1225	10713	10	0	18	0
1226	10713	26	0	30	0
1227	10713	45	0	110	0
1228	10713	46	0	24	0
1229	10714	2	0	30	0
1230	10714	17	0	27	0
1231	10714	47	0	50	0
1232	10714	56	0	18	0
1233	10714	58	0	12	0
1234	10715	10	0	21	0
1235	10715	71	0	30	0
1236	10716	21	0	5	0
1237	10716	51	0	7	0
1238	10716	61	0	10	0
1239	10717	21	0	32	0
1240	10717	54	0	15	0
1241	10717	69	0	25	0
1242	10718	12	0	36	0
1243	10718	16	0	20	0
1244	10718	36	0	40	0
1245	10718	62	0	20	0
1246	10719	18	0	12	0
1247	10719	30	0	3	0
1248	10719	54	0	40	0
1249	10720	35	0	21	0
1250	10720	71	0	8	0
1251	10721	44	0	50	0
1252	10722	2	0	3	0
1253	10722	31	0	50	0
1254	10722	68	0	45	0
1255	10722	75	0	42	0
1256	10723	26	0	15	0
1257	10724	10	0	16	0
1258	10724	61	0	5	0
1259	10725	41	0	12	0
1260	10725	52	0	4	0
1261	10725	55	0	6	0
1262	10726	4	0	25	0
1263	10726	11	0	5	0
1264	10727	17	0	20	0
1265	10727	56	0	10	0
1266	10727	59	0	10	0
1267	10728	30	0	15	0
1268	10728	40	0	6	0
1269	10728	55	0	12	0
1270	10728	60	0	15	0
1271	10729	1	0	50	0
1272	10729	21	0	30	0
1273	10729	50	0	40	0
1274	10730	16	0	15	0
1275	10730	31	0	3	0
1276	10730	65	0	10	0
1277	10731	21	0	40	0
1278	10731	51	0	30	0
1279	10732	76	0	20	0
1280	10733	14	0	16	0
1281	10733	28	0	20	0
1282	10733	52	0	25	0
1283	10734	6	0	30	0
1284	10734	30	0	15	0
1285	10734	76	0	20	0
1286	10735	61	0	20	0
1287	10735	77	0	2	0
1288	10736	65	0	40	0
1289	10736	75	0	20	0
1290	10737	13	0	4	0
1291	10737	41	0	12	0
1292	10738	16	0	3	0
1293	10739	36	0	6	0
1294	10739	52	0	18	0
1295	10740	28	0	5	0
1296	10740	35	0	35	0
1297	10740	45	0	40	0
1298	10740	56	0	14	0
1299	10741	2	0	15	0
1300	10742	3	0	20	0
1301	10742	60	0	50	0
1302	10742	72	0	35	0
1303	10743	46	0	28	0
1304	10744	40	0	50	0
1305	10745	18	0	24	0
1306	10745	44	0	16	0
1307	10745	59	0	45	0
1308	10745	72	0	7	0
1309	10746	13	0	6	0
1310	10746	42	0	28	0
1311	10746	62	0	9	0
1312	10746	69	0	40	0
1313	10747	31	0	8	0
1314	10747	41	0	35	0
1315	10747	63	0	9	0
1316	10747	69	0	30	0
1317	10748	23	0	44	0
1318	10748	40	0	40	0
1319	10748	56	0	28	0
1320	10749	56	0	15	0
1321	10749	59	0	6	0
1322	10749	76	0	10	0
1323	10750	14	0	5	0
1324	10750	45	0	40	0
1325	10750	59	0	25	0
1326	10751	26	0	12	0
1327	10751	30	0	30	0
1328	10751	50	0	20	0
1329	10751	73	0	15	0
1330	10752	1	0	8	0
1331	10752	69	0	3	0
1332	10753	45	0	4	0
1333	10753	74	0	5	0
1334	10754	40	0	3	0
1335	10755	47	0	30	0
1336	10755	56	0	30	0
1337	10755	57	0	14	0
1338	10755	69	0	25	0
1339	10756	18	0	21	0
1340	10756	36	0	20	0
1341	10756	68	0	6	0
1342	10756	69	0	20	0
1343	10757	34	0	30	0
1344	10757	59	0	7	0
1345	10757	62	0	30	0
1346	10757	64	0	24	0
1347	10758	26	0	20	0
1348	10758	52	0	60	0
1349	10758	70	0	40	0
1350	10759	32	0	10	0
1351	10760	25	0	12	0
1352	10760	27	0	40	0
1353	10760	43	0	30	0
1354	10761	25	0	35	0
1355	10761	75	0	18	0
1356	10762	39	0	16	0
1357	10762	47	0	30	0
1358	10762	51	0	28	0
1359	10762	56	0	60	0
1360	10763	21	0	40	0
1361	10763	22	0	6	0
1362	10763	24	0	20	0
1363	10764	3	0	20	0
1364	10764	39	0	130	0
1365	10765	65	0	80	0
1366	10766	2	0	40	0
1367	10766	7	0	35	0
1368	10766	68	0	40	0
1369	10767	42	0	2	0
1370	10768	22	0	4	0
1371	10768	31	0	50	0
1372	10768	60	0	15	0
1373	10768	71	0	12	0
1374	10769	41	0	30	0
1375	10769	52	0	15	0
1376	10769	61	0	20	0
1377	10769	62	0	15	0
1378	10770	11	0	15	0
1379	10771	71	0	16	0
1380	10772	29	0	18	0
1381	10772	59	0	25	0
1382	10773	17	0	33	0
1383	10773	31	0	70	0
1384	10773	75	0	7	0
1385	10774	31	0	2	0
1386	10774	66	0	50	0
1387	10775	10	0	6	0
1388	10775	67	0	3	0
1389	10776	31	0	16	0
1390	10776	42	0	12	0
1391	10776	45	0	27	0
1392	10776	51	0	120	0
1393	10777	42	0	20	0
1394	10778	41	0	10	0
1395	10779	16	0	20	0
1396	10779	62	0	20	0
1397	10780	70	0	35	0
1398	10780	77	0	15	0
1399	10781	54	0	3	0
1400	10781	56	0	20	0
1401	10781	74	0	35	0
1402	10782	31	0	1	0
1403	10783	31	0	10	0
1404	10783	38	0	5	0
1405	10784	36	0	30	0
1406	10784	39	0	2	0
1407	10784	72	0	30	0
1408	10785	10	0	10	0
1409	10785	75	0	10	0
1410	10786	8	0	30	0
1411	10786	30	0	15	0
1412	10786	75	0	42	0
1413	10787	2	0	15	0
1414	10787	29	0	20	0
1415	10788	19	0	50	0
1416	10788	75	0	40	0
1417	10789	18	0	30	0
1418	10789	35	0	15	0
1419	10789	63	0	30	0
1420	10789	68	0	18	0
1421	10790	7	0	3	0
1422	10790	56	0	20	0
1423	10791	29	0	14	0
1424	10791	41	0	20	0
1425	10792	2	0	10	0
1426	10792	54	0	3	0
1427	10792	68	0	15	0
1428	10793	41	0	14	0
1429	10793	52	0	8	0
1430	10794	14	0	15	0
1431	10794	54	0	6	0
1432	10795	16	0	65	0
1433	10795	17	0	35	0
1434	10796	26	0	21	0
1435	10796	44	0	10	0
1436	10796	64	0	35	0
1437	10796	69	0	24	0
1438	10797	11	0	20	0
1439	10798	62	0	2	0
1440	10798	72	0	10	0
1441	10799	13	0	20	0
1442	10799	24	0	20	0
1443	10799	59	0	25	0
1444	10800	11	0	50	0
1445	10800	51	0	10	0
1446	10800	54	0	7	0
1447	10801	17	0	40	0
1448	10801	29	0	20	0
1449	10802	30	0	25	0
1450	10802	51	0	30	0
1451	10802	55	0	60	0
1452	10802	62	0	5	0
1453	10803	19	0	24	0
1454	10803	25	0	15	0
1455	10803	59	0	15	0
1456	10804	10	0	36	0
1457	10804	28	0	24	0
1458	10804	49	0	4	0
1459	10805	34	0	10	0
1460	10805	38	0	10	0
1461	10806	2	0	20	0
1462	10806	65	0	2	0
1463	10806	74	0	15	0
1464	10807	40	0	1	0
1465	10808	56	0	20	0
1466	10808	76	0	50	0
1467	10809	52	0	20	0
1468	10810	13	0	7	0
1469	10810	25	0	5	0
1470	10810	70	0	5	0
1471	10811	19	0	15	0
1472	10811	23	0	18	0
1473	10811	40	0	30	0
1474	10812	31	0	16	0
1475	10812	72	0	40	0
1476	10812	77	0	20	0
1477	10813	2	0	12	0
1478	10813	46	0	35	0
1479	10814	41	0	20	0
1480	10814	43	0	20	0
1481	10814	48	0	8	0
1482	10814	61	0	30	0
1483	10815	33	0	16	0
1484	10816	38	0	30	0
1485	10816	62	0	20	0
1486	10817	26	0	40	0
1487	10817	38	0	30	0
1488	10817	40	0	60	0
1489	10817	62	0	25	0
1490	10818	32	0	20	0
1491	10818	41	0	20	0
1492	10819	43	0	7	0
1493	10819	75	0	20	0
1494	10820	56	0	30	0
1495	10821	35	0	20	0
1496	10821	51	0	6	0
1497	10822	62	0	3	0
1498	10822	70	0	6	0
1499	10823	11	0	20	0
1500	10823	57	0	15	0
1501	10823	59	0	40	0
1502	10823	77	0	15	0
1503	10824	41	0	12	0
1504	10824	70	0	9	0
1505	10825	26	0	12	0
1506	10825	53	0	20	0
1507	10826	31	0	35	0
1508	10826	57	0	15	0
1509	10827	10	0	15	0
1510	10827	39	0	21	0
1511	10828	20	0	5	0
1512	10828	38	0	2	0
1513	10829	2	0	10	0
1514	10829	8	0	20	0
1515	10829	13	0	10	0
1516	10829	60	0	21	0
1517	10830	6	0	6	0
1518	10830	39	0	28	0
1519	10830	60	0	30	0
1520	10830	68	0	24	0
1521	10831	19	0	2	0
1522	10831	35	0	8	0
1523	10831	38	0	8	0
1524	10831	43	0	9	0
1525	10832	13	0	3	0
1526	10832	25	0	10	0
1527	10832	44	0	16	0
1528	10832	64	0	3	0
1529	10833	7	0	20	0
1530	10833	31	0	9	0
1531	10833	53	0	9	0
1532	10834	29	0	8	0
1533	10834	30	0	20	0
1534	10835	59	0	15	0
1535	10835	77	0	2	0
1536	10836	22	0	52	0
1537	10836	35	0	6	0
1538	10836	57	0	24	0
1539	10836	60	0	60	0
1540	10836	64	0	30	0
1541	10837	13	0	6	0
1542	10837	40	0	25	0
1543	10837	47	0	40	0
1544	10837	76	0	21	0
1545	10838	1	0	4	0
1546	10838	18	0	25	0
1547	10838	36	0	50	0
1548	10839	58	0	30	0
1549	10839	72	0	15	0
1550	10840	25	0	6	0
1551	10840	39	0	10	0
1552	10841	10	0	16	0
1553	10841	56	0	30	0
1554	10841	59	0	50	0
1555	10841	77	0	15	0
1556	10842	11	0	15	0
1557	10842	43	0	5	0
1558	10842	68	0	20	0
1559	10842	70	0	12	0
1560	10843	51	0	4	0
1561	10844	22	0	35	0
1562	10845	23	0	70	0
1563	10845	35	0	25	0
1564	10845	42	0	42	0
1565	10845	58	0	60	0
1566	10845	64	0	48	0
1567	10846	4	0	21	0
1568	10846	70	0	30	0
1569	10846	74	0	20	0
1570	10847	1	0	80	0
1571	10847	19	0	12	0
1572	10847	37	0	60	0
1573	10847	45	0	36	0
1574	10847	60	0	45	0
1575	10847	71	0	55	0
1576	10848	5	0	30	0
1577	10848	9	0	3	0
1578	10849	3	0	49	0
1579	10849	26	0	18	0
1580	10850	25	0	20	0
1581	10850	33	0	4	0
1582	10850	70	0	30	0
1583	10851	2	0	5	0
1584	10851	25	0	10	0
1585	10851	57	0	10	0
1586	10851	59	0	42	0
1587	10852	2	0	15	0
1588	10852	17	0	6	0
1589	10852	62	0	50	0
1590	10853	18	0	10	0
1591	10854	10	0	100	0
1592	10854	13	0	65	0
1593	10855	16	0	50	0
1594	10855	31	0	14	0
1595	10855	56	0	24	0
1596	10855	65	0	15	0
1597	10856	2	0	20	0
1598	10856	42	0	20	0
1599	10857	3	0	30	0
1600	10857	26	0	35	0
1601	10857	29	0	10	0
1602	10858	7	0	5	0
1603	10858	27	0	10	0
1604	10858	70	0	4	0
1605	10859	24	0	40	0
1606	10859	54	0	35	0
1607	10859	64	0	30	0
1608	10860	51	0	3	0
1609	10860	76	0	20	0
1610	10861	17	0	42	0
1611	10861	18	0	20	0
1612	10861	21	0	40	0
1613	10861	33	0	35	0
1614	10861	62	0	3	0
1615	10862	11	0	25	0
1616	10862	52	0	8	0
1617	10863	1	0	20	0
1618	10863	58	0	12	0
1619	10864	35	0	4	0
1620	10864	67	0	15	0
1621	10865	38	0	60	0
1622	10865	39	0	80	0
1623	10866	2	0	21	0
1624	10866	24	0	6	0
1625	10866	30	0	40	0
1626	10867	53	0	3	0
1627	10868	26	0	20	0
1628	10868	35	0	30	0
1629	10868	49	0	42	0
1630	10869	1	0	40	0
1631	10869	11	0	10	0
1632	10869	23	0	50	0
1633	10869	68	0	20	0
1634	10870	35	0	3	0
1635	10870	51	0	2	0
1636	10871	6	0	50	0
1637	10871	16	0	12	0
1638	10871	17	0	16	0
1639	10872	55	0	10	0
1640	10872	62	0	20	0
1641	10872	64	0	15	0
1642	10872	65	0	21	0
1643	10873	21	0	20	0
1644	10873	28	0	3	0
1645	10874	10	0	10	0
1646	10875	19	0	25	0
1647	10875	47	0	21	0
1648	10875	49	0	15	0
1649	10876	46	0	21	0
1650	10876	64	0	20	0
1651	10877	16	0	30	0
1652	10877	18	0	25	0
1653	10878	20	0	20	0
1654	10879	40	0	12	0
1655	10879	65	0	10	0
1656	10879	76	0	10	0
1657	10880	23	0	30	0
1658	10880	61	0	30	0
1659	10880	70	0	50	0
1660	10881	73	0	10	0
1661	10882	42	0	25	0
1662	10882	49	0	20	0
1663	10882	54	0	32	0
1664	10883	24	0	8	0
1665	10884	21	0	40	0
1666	10884	56	0	21	0
1667	10884	65	0	12	0
1668	10885	2	0	20	0
1669	10885	24	0	12	0
1670	10885	70	0	30	0
1671	10885	77	0	25	0
1672	10886	10	0	70	0
1673	10886	31	0	35	0
1674	10886	77	0	40	0
1675	10887	25	0	5	0
1676	10888	2	0	20	0
1677	10888	68	0	18	0
1678	10889	11	0	40	0
1679	10889	38	0	40	0
1680	10890	17	0	15	0
1681	10890	34	0	10	0
1682	10890	41	0	14	0
1683	10891	30	0	15	0
1684	10892	59	0	40	0
1685	10893	8	0	30	0
1686	10893	24	0	10	0
1687	10893	29	0	24	0
1688	10893	30	0	35	0
1689	10893	36	0	20	0
1690	10894	13	0	28	0
1691	10894	69	0	50	0
1692	10894	75	0	120	0
1693	10895	24	0	110	0
1694	10895	39	0	45	0
1695	10895	40	0	91	0
1696	10895	60	0	100	0
1697	10896	45	0	15	0
1698	10896	56	0	16	0
1699	10897	29	0	80	0
1700	10897	30	0	36	0
1701	10898	13	0	5	0
1702	10899	39	0	8	0
1703	10900	70	0	3	0
1704	10901	41	0	30	0
1705	10901	71	0	30	0
1706	10902	55	0	30	0
1707	10902	62	0	6	0
1708	10903	13	0	40	0
1709	10903	65	0	21	0
1710	10903	68	0	20	0
1711	10904	58	0	15	0
1712	10904	62	0	35	0
1713	10905	1	0	20	0
1714	10906	61	0	15	0
1715	10907	75	0	14	0
1716	10908	7	0	20	0
1717	10908	52	0	14	0
1718	10909	7	0	12	0
1719	10909	16	0	15	0
1720	10909	41	0	5	0
1721	10910	19	0	12	0
1722	10910	49	0	10	0
1723	10910	61	0	5	0
1724	10911	1	0	10	0
1725	10911	17	0	12	0
1726	10911	67	0	15	0
1727	10912	11	0	40	0
1728	10912	29	0	60	0
1729	10913	4	0	30	0
1730	10913	33	0	40	0
1731	10913	58	0	15	0
1732	10914	71	0	25	0
1733	10915	17	0	10	0
1734	10915	33	0	30	0
1735	10915	54	0	10	0
1736	10916	16	0	6	0
1737	10916	32	0	6	0
1738	10916	57	0	20	0
1739	10917	30	0	1	0
1740	10917	60	0	10	0
1741	10918	1	0	60	0
1742	10918	60	0	25	0
1743	10919	16	0	24	0
1744	10919	25	0	24	0
1745	10919	40	0	20	0
1746	10920	50	0	24	0
1747	10921	35	0	10	0
1748	10921	63	0	40	0
1749	10922	17	0	15	0
1750	10922	24	0	35	0
1751	10923	42	0	10	0
1752	10923	43	0	10	0
1753	10923	67	0	24	0
1754	10924	10	0	20	0
1755	10924	28	0	30	0
1756	10924	75	0	6	0
1757	10925	36	0	25	0
1758	10925	52	0	12	0
1759	10926	11	0	2	0
1760	10926	13	0	10	0
1761	10926	19	0	7	0
1762	10926	72	0	10	0
1763	10927	20	0	5	0
1764	10927	52	0	5	0
1765	10927	76	0	20	0
1766	10928	47	0	5	0
1767	10928	76	0	5	0
1768	10929	21	0	60	0
1769	10929	75	0	49	0
1770	10929	77	0	15	0
1771	10930	21	0	36	0
1772	10930	27	0	25	0
1773	10930	55	0	25	0
1774	10930	58	0	30	0
1775	10931	13	0	42	0
1776	10931	57	0	30	0
1777	10932	16	0	30	0
1778	10932	62	0	14	0
1779	10932	72	0	16	0
1780	10932	75	0	20	0
1781	10933	53	0	2	0
1782	10933	61	0	30	0
1783	10934	6	0	20	0
1784	10935	1	0	21	0
1785	10935	18	0	4	0
1786	10935	23	0	8	0
1787	10936	36	0	30	0
1788	10937	28	0	8	0
1789	10937	34	0	20	0
1790	10938	13	0	20	0
1791	10938	43	0	24	0
1792	10938	60	0	49	0
1793	10938	71	0	35	0
1794	10939	2	0	10	0
1795	10939	67	0	40	0
1796	10940	7	0	8	0
1797	10940	13	0	20	0
1798	10941	31	0	44	0
1799	10941	62	0	30	0
1800	10941	68	0	80	0
1801	10941	72	0	50	0
1802	10942	49	0	28	0
1803	10943	13	0	15	0
1804	10943	22	0	21	0
1805	10943	46	0	15	0
1806	10944	11	0	5	0
1807	10944	44	0	18	0
1808	10944	56	0	18	0
1809	10945	13	0	20	0
1810	10945	31	0	10	0
1811	10946	10	0	25	0
1812	10946	24	0	25	0
1813	10946	77	0	40	0
1814	10947	59	0	4	0
1815	10948	50	0	9	0
1816	10948	51	0	40	0
1817	10948	55	0	4	0
1818	10949	6	0	12	0
1819	10949	10	0	30	0
1820	10949	17	0	6	0
1821	10949	62	0	60	0
1822	10950	4	0	5	0
1823	10951	33	0	15	0
1824	10951	41	0	6	0
1825	10951	75	0	50	0
1826	10952	6	0	16	0
1827	10952	28	0	2	0
1828	10953	20	0	50	0
1829	10953	31	0	50	0
1830	10954	16	0	28	0
1831	10954	31	0	25	0
1832	10954	45	0	30	0
1833	10954	60	0	24	0
1834	10955	75	0	12	0
1835	10956	21	0	12	0
1836	10956	47	0	14	0
1837	10956	51	0	8	0
1838	10957	30	0	30	0
1839	10957	35	0	40	0
1840	10957	64	0	8	0
1841	10958	5	0	20	0
1842	10958	7	0	6	0
1843	10958	72	0	5	0
1844	10959	75	0	20	0
1845	10960	24	0	10	0
1846	10960	41	0	24	0
1847	10961	52	0	6	0
1848	10961	76	0	60	0
1849	10962	7	0	45	0
1850	10962	13	0	77	0
1851	10962	53	0	20	0
1852	10962	69	0	9	0
1853	10962	76	0	44	0
1854	10963	60	0	2	0
1855	10964	18	0	6	0
1856	10964	38	0	5	0
1857	10964	69	0	10	0
1858	10965	51	0	16	0
1859	10966	37	0	8	0
1860	10966	56	0	12	0
1861	10966	62	0	12	0
1862	10967	19	0	12	0
1863	10967	49	0	40	0
1864	10968	12	0	30	0
1865	10968	24	0	30	0
1866	10968	64	0	4	0
1867	10969	46	0	9	0
1868	10970	52	0	40	0
1869	10971	29	0	14	0
1870	10972	17	0	6	0
1871	10972	33	0	7	0
1872	10973	26	0	5	0
1873	10973	41	0	6	0
1874	10973	75	0	10	0
1875	10974	63	0	10	0
1876	10975	8	0	16	0
1877	10975	75	0	10	0
1878	10976	28	0	20	0
1879	10977	39	0	30	0
1880	10977	47	0	30	0
1881	10977	51	0	10	0
1882	10977	63	0	20	0
1883	10978	8	0	20	0
1884	10978	21	0	40	0
1885	10978	40	0	10	0
1886	10978	44	0	6	0
1887	10979	7	0	18	0
1888	10979	12	0	20	0
1889	10979	24	0	80	0
1890	10979	27	0	30	0
1891	10979	31	0	24	0
1892	10979	63	0	35	0
1893	10980	75	0	40	0
1894	10981	38	0	60	0
1895	10982	7	0	20	0
1896	10982	43	0	9	0
1897	10983	13	0	84	0
1898	10983	57	0	15	0
1899	10984	16	0	55	0
1900	10984	24	0	20	0
1901	10984	36	0	40	0
1902	10985	16	0	36	0
1903	10985	18	0	8	0
1904	10985	32	0	35	0
1905	10986	11	0	30	0
1906	10986	20	0	15	0
1907	10986	76	0	10	0
1908	10986	77	0	15	0
1909	10987	7	0	60	0
1910	10987	43	0	6	0
1911	10987	72	0	20	0
1912	10988	7	0	60	0
1913	10988	62	0	40	0
1914	10989	6	0	40	0
1915	10989	11	0	15	0
1916	10989	41	0	4	0
1917	10990	21	0	65	0
1918	10990	34	0	60	0
1919	10990	55	0	65	0
1920	10990	61	0	66	0
1921	10991	2	0	50	0
1922	10991	70	0	20	0
1923	10991	76	0	90	0
1924	10992	72	0	2	0
1925	10993	29	0	50	0
1926	10993	41	0	35	0
1927	10994	59	0	18	0
1928	10995	51	0	20	0
1929	10995	60	0	4	0
1930	10996	42	0	40	0
1931	10997	32	0	50	0
1932	10997	46	0	20	0
1933	10997	52	0	20	0
1934	10998	24	0	12	0
1935	10998	61	0	7	0
1936	10998	74	0	20	0
1937	10998	75	0	30	0
1938	10999	41	0	20	0
1939	10999	51	0	15	0
1940	10999	77	0	21	0
1941	11000	4	0	25	0
1942	11000	24	0	30	0
1943	11000	77	0	30	0
1944	11001	7	0	60	0
1945	11001	22	0	25	0
1946	11001	46	0	25	0
1947	11001	55	0	6	0
1948	11002	13	0	56	0
1949	11002	35	0	15	0
1950	11002	42	0	24	0
1951	11002	55	0	40	0
1952	11003	1	0	4	0
1953	11003	40	0	10	0
1954	11003	52	0	10	0
1955	11004	26	0	6	0
1956	11004	76	0	6	0
1957	11005	1	0	2	0
1958	11005	59	0	10	0
1959	11006	1	0	8	0
1960	11006	29	0	2	0
1961	11007	8	0	30	0
1962	11007	29	0	10	0
1963	11007	42	0	14	0
1964	11008	28	0	70	0
1965	11008	34	0	90	0
1966	11008	71	0	21	0
1967	11009	24	0	12	0
1968	11009	36	0	18	0
1969	11009	60	0	9	0
1970	11010	7	0	20	0
1971	11010	24	0	10	0
1972	11011	58	0	40	0
1973	11011	71	0	20	0
1974	11012	19	0	50	0
1975	11012	60	0	36	0
1976	11012	71	0	60	0
1977	11013	23	0	10	0
1978	11013	42	0	4	0
1979	11013	45	0	20	0
1980	11013	68	0	2	0
1981	11014	41	0	28	0
1982	11015	30	0	15	0
1983	11015	77	0	18	0
1984	11016	31	0	15	0
1985	11016	36	0	16	0
1986	11017	3	0	25	0
1987	11017	59	0	110	0
1988	11017	70	0	30	0
1989	11018	12	0	20	0
1990	11018	18	0	10	0
1991	11018	56	0	5	0
1992	11019	46	0	3	0
1993	11019	49	0	2	0
1994	11020	10	0	24	0
1995	11021	2	0	11	0
1996	11021	20	0	15	0
1997	11021	26	0	63	0
1998	11021	51	0	44	0
1999	11021	72	0	35	0
2000	11022	19	0	35	0
2001	11022	69	0	30	0
2002	11023	7	0	4	0
2003	11023	43	0	30	0
2004	11024	26	0	12	0
2005	11024	33	0	30	0
2006	11024	65	0	21	0
2007	11024	71	0	50	0
2008	11025	1	0	10	0
2009	11025	13	0	20	0
2010	11026	18	0	8	0
2011	11026	51	0	10	0
2012	11027	24	0	30	0
2013	11027	62	0	21	0
2014	11028	55	0	35	0
2015	11028	59	0	24	0
2016	11029	56	0	20	0
2017	11029	63	0	12	0
2018	11030	2	0	100	0
2019	11030	5	0	70	0
2020	11030	29	0	60	0
2021	11030	59	0	100	0
2022	11031	1	0	45	0
2023	11031	13	0	80	0
2024	11031	24	0	21	0
2025	11031	64	0	20	0
2026	11031	71	0	16	0
2027	11032	36	0	35	0
2028	11032	38	0	25	0
2029	11032	59	0	30	0
2030	11033	53	0	70	0
2031	11033	69	0	36	0
2032	11034	21	0	15	0
2033	11034	44	0	12	0
2034	11034	61	0	6	0
2035	11035	1	0	10	0
2036	11035	35	0	60	0
2037	11035	42	0	30	0
2038	11035	54	0	10	0
2039	11036	13	0	7	0
2040	11036	59	0	30	0
2041	11037	70	0	4	0
2042	11038	40	0	5	0
2043	11038	52	0	2	0
2044	11038	71	0	30	0
2045	11039	28	0	20	0
2046	11039	35	0	24	0
2047	11039	49	0	60	0
2048	11039	57	0	28	0
2049	11040	21	0	20	0
2050	11041	2	0	30	0
2051	11041	63	0	30	0
2052	11042	44	0	15	0
2053	11042	61	0	4	0
2054	11043	11	0	10	0
2055	11044	62	0	12	0
2056	11045	33	0	15	0
2057	11045	51	0	24	0
2058	11046	12	0	20	0
2059	11046	32	0	15	0
2060	11046	35	0	18	0
2061	11047	1	0	25	0
2062	11047	5	0	30	0
2063	11048	68	0	42	0
2064	11049	2	0	10	0
2065	11049	12	0	4	0
2066	11050	76	0	50	0
2067	11051	24	0	10	0
2068	11052	43	0	30	0
2069	11052	61	0	10	0
2070	11053	18	0	35	0
2071	11053	32	0	20	0
2072	11053	64	0	25	0
2073	11054	33	0	10	0
2074	11054	67	0	20	0
2075	11055	24	0	15	0
2076	11055	25	0	15	0
2077	11055	51	0	20	0
2078	11055	57	0	20	0
2079	11056	7	0	40	0
2080	11056	55	0	35	0
2081	11056	60	0	50	0
2082	11057	70	0	3	0
2083	11058	21	0	3	0
2084	11058	60	0	21	0
2085	11058	61	0	4	0
2086	11059	13	0	30	0
2087	11059	17	0	12	0
2088	11059	60	0	35	0
2089	11060	60	0	4	0
2090	11060	77	0	10	0
2091	11061	60	0	15	0
2092	11062	53	0	10	0
2093	11062	70	0	12	0
2094	11063	34	0	30	0
2095	11063	40	0	40	0
2096	11063	41	0	30	0
2097	11064	17	0	77	0
2098	11064	41	0	12	0
2099	11064	53	0	25	0
2100	11064	55	0	4	0
2101	11064	68	0	55	0
2102	11065	30	0	4	0
2103	11065	54	0	20	0
2104	11066	16	0	3	0
2105	11066	19	0	42	0
2106	11066	34	0	35	0
2107	11067	41	0	9	0
2108	11068	28	0	8	0
2109	11068	43	0	36	0
2110	11068	77	0	28	0
2111	11069	39	0	20	0
2112	11070	1	0	40	0
2113	11070	2	0	20	0
2114	11070	16	0	30	0
2115	11070	31	0	20	0
2116	11071	7	0	15	0
2117	11071	13	0	10	0
2118	11072	2	0	8	0
2119	11072	41	0	40	0
2120	11072	50	0	22	0
2121	11072	64	0	130	0
2122	11073	11	0	10	0
2123	11073	24	0	20	0
2124	11074	16	0	14	0
2125	11075	2	0	10	0
2126	11075	46	0	30	0
2127	11075	76	0	2	0
2128	11076	6	0	20	0
2129	11076	14	0	20	0
2130	11076	19	0	10	0
2131	11077	2	0	24	0
2132	11077	3	0	4	0
2133	11077	4	0	1	0
2134	11077	6	0	1	0
2135	11077	7	0	1	0
2136	11077	8	0	2	0
2137	11077	10	0	1	0
2138	11077	12	0	2	0
2139	11077	13	0	4	0
2140	11077	14	0	1	0
2141	11077	16	0	2	0
2142	11077	20	0	1	0
2143	11077	23	0	2	0
2144	11077	32	0	1	0
2145	11077	39	0	2	0
2146	11077	41	0	3	0
2147	11077	46	0	3	0
2148	11077	52	0	2	0
2149	11077	55	0	2	0
2150	11077	60	0	2	0
2151	11077	64	0	2	0
2152	11077	66	0	1	0
2153	11077	73	0	2	0
2154	11077	75	0	4	0
2155	11077	77	0	2	0